kinematics:
  shoulder:
    x: 0
    y: 0
    z: 0.1627616112650263
    roll: -0
    pitch: 0
    yaw: -5.991681506500868e-08
  upper_arm:
    x: 0.0001171864022656332
    y: 0
    z: 0
    roll: 1.568695822980486
    pitch: 0
    yaw: 2.350143582628094e-06
  forearm:
    x: -0.4255477404386134
    y: 0
    z: 0
    roll: 3.141279979860951
    pitch: 3.138418572813499
    yaw: 3.141588694100498
  wrist_1:
    x: -0.3926470322593426
    y: -0.0004490249165745644
    z: 0.1335443945419522
    roll: 0.003362351718143002
    pitch: -0.001385386431977988
    yaw: 1.052643010408702e-05
  wrist_2:
    x: 2.411651959975612e-06
    y: -0.09979265928964354
    z: 8.423166698645429e-05
    roll: 1.569952260231459
    pitch: 0
    yaw: 4.512455664684723e-08
  wrist_3:
    x: -1.62560369067358e-06
    y: 0.09963772799936342
    z: 0.0001365236554595149
    roll: 1.572166526344426
    pitch: 3.141592653589793
    yaw: -3.14159262258105
  hash: calib_249131673464702783